100
400
1 2 10
2 1 10
1 3 15
3 1 15
2 4 12
4 2 12
2 5 8
5 2 8
3 6 7
6 3 7
3 7 14
7 3 14
4 8 9
8 4 9
4 9 13
9 4 13
5 10 11
10 5 11
5 11 16
11 5 16
6 12 10
12 6 10
6 13 15
13 6 15
7 14 12
14 7 12
7 15 8
15 7 8
8 16 7
16 8 7
8 17 14
17 8 14
9 18 9
18 9 9
9 19 13
19 9 13
10 20 11
20 10 11
10 21 16
21 10 16
11 22 10
22 11 10
11 23 15
23 11 15
12 24 12
24 12 12
12 25 8
25 12 8
13 26 7
26 13 7
13 27 14
27 13 14
14 28 9
28 14 9
14 29 13
29 14 13
15 30 11
30 15 11
15 31 16
31 15 16
16 32 10
32 16 10
16 33 15
33 16 15
17 34 12
34 17 12
17 35 8
35 17 8
18 36 7
36 18 7
18 37 14
37 18 14
19 38 9
38 19 9
19 39 13
39 19 13
20 40 11
40 20 11
20 41 16
41 20 16
21 42 10
42 21 10
21 43 15
43 21 15
22 44 12
44 22 12
22 45 8
45 22 8
23 46 7
46 23 7
23 47 14
47 23 14
24 48 9
48 24 9
24 49 13
49 24 13
25 50 11
50 25 11
25 51 16
51 25 16
26 52 10
52 26 10
26 53 15
53 26 15
27 54 12
54 27 12
27 55 8
55 27 8
28 56 7
56 28 7
28 57 14
57 28 14
29 58 9
58 29 9
29 59 13
59 29 13
30 60 11
60 30 11
30 61 16
61 30 16
31 62 10
62 31 10
31 63 15
63 31 15
32 64 12
64 32 12
32 65 8
65 32 8
33 66 7
66 33 7
33 67 14
67 33 14
34 68 9
68 34 9
34 69 13
69 34 13
35 70 11
70 35 11
35 71 16
71 35 16
36 72 10
72 36 10
36 73 15
73 36 15
37 74 12
74 37 12
37 75 8
75 37 8
38 76 7
76 38 7
38 77 14
77 38 14
39 78 9
78 39 9
39 79 13
79 39 13
40 80 11
80 40 11
40 81 16
81 40 16
41 82 10
82 41 10
41 83 15
83 41 15
42 84 12
84 42 12
42 85 8
85 42 8
43 86 7
86 43 7
43 87 14
87 43 14
44 88 9
88 44 9
44 89 13
89 44 13
45 90 11
90 45 11
45 91 16
91 45 16
46 92 10
92 46 10
46 93 15
93 46 15
47 94 12
94 47 12
47 95 8
95 47 8
48 96 7
96 48 7
48 97 14
97 48 14
49 98 9
98 49 9
49 99 13
99 49 13
50 100 11
100 50 11
50 1 16
1 50 16
51 2 10
2 51 10
51 3 15
3 51 15
52 4 12
4 52 12
52 5 8
5 52 8
53 6 7
6 53 7
53 7 14
7 53 14
54 8 9
8 54 9
54 9 13
9 54 13
55 10 11
10 55 11
55 11 16
11 55 16
56 12 10
12 56 10
56 13 15
13 56 15
57 14 12
14 57 12
57 15 8
15 57 8
58 16 7
16 58 7
58 17 14
17 58 14
59 18 9
18 59 9
59 19 13
19 59 13
60 20 11
20 60 11
60 21 16
21 60 16
61 22 10
22 61 10
61 23 15
23 61 15
62 24 12
24 62 12
62 25 8
25 62 8
63 26 7
26 63 7
63 27 14
27 63 14
64 28 9
28 64 9
64 29 13
29 64 13
65 30 11
30 65 11
65 31 16
31 65 16
66 32 10
32 66 10
66 33 15
33 66 15
67 34 12
34 67 12
67 35 8
35 67 8
68 36 7
36 68 7
68 37 14
37 68 14
69 38 9
38 69 9
69 39 13
39 69 13
70 40 11
40 70 11
70 41 16
41 70 16
71 42 10
42 71 10
71 43 15
43 71 15
72 44 12
44 72 12
72 45 8
45 72 8
73 46 7
46 73 7
73 47 14
47 73 14
74 48 9
48 74 9
74 49 13
49 74 13
75 50 11
50 75 11
75 51 16
51 75 16
76 52 10
52 76 10
76 53 15
53 76 15
77 54 12
54 77 12
77 55 8
55 77 8
78 56 7
56 78 7
78 57 14
57 78 14
79 58 9
58 79 9
79 59 13
59 79 13
80 60 11
60 80 11
80 61 16
61 80 16
81 62 10
62 81 10
81 63 15
63 81 15
82 64 12
64 82 12
82 65 8
65 82 8
83 66 7
66 83 7
83 67 14
67 83 14
84 68 9
68 84 9
84 69 13
69 84 13
85 70 11
70 85 11
85 71 16
71 85 16
86 72 10
72 86 10
86 73 15
73 86 15
87 74 12
74 87 12
87 75 8
75 87 8
88 76 7
76 88 7
88 77 14
77 88 14
89 78 9
78 89 9
89 79 13
79 89 13
90 80 11
80 90 11
90 81 16
81 90 16
91 82 10
82 91 10
91 83 15
83 91 15
92 84 12
84 92 12
92 85 8
85 92 8
93 86 7
86 93 7
93 87 14
87 93 14
94 88 9
88 94 9
94 89 13
89 94 13
95 90 11
90 95 11
95 91 16
91 95 16
96 92 10
92 96 10
96 93 15
93 96 15
97 94 12
94 97 12
97 95 8
95 97 8
98 96 7
96 98 7
98 97 14
97 98 14
99 98 9
98 99 9
99 99 13
99 99 13
100 100 11
100 100 11
100 1 16
1 100 16