100
200
1 2 10
1 3 15
2 4 12
2 5 8
3 6 7
3 7 14
4 8 9
4 9 13
5 10 11
5 11 16
6 12 10
6 13 15
7 14 12
7 15 8
8 16 7
8 17 14
9 18 9
9 19 13
10 20 11
10 21 16
11 22 10
11 23 15
12 24 12
12 25 8
13 26 7
13 27 14
14 28 9
14 29 13
15 30 11
15 31 16
16 32 10
16 33 15
17 34 12
17 35 8
18 36 7
18 37 14
19 38 9
19 39 13
20 40 11
20 41 16
21 42 10
21 43 15
22 44 12
22 45 8
23 46 7
23 47 14
24 48 9
24 49 13
25 50 11
25 51 16
26 52 10
26 53 15
27 54 12
27 55 8
28 56 7
28 57 14
29 58 9
29 59 13
30 60 11
30 61 16
31 62 10
31 63 15
32 64 12
32 65 8
33 66 7
33 67 14
34 68 9
34 69 13
35 70 11
35 71 16
36 72 10
36 73 15
37 74 12
37 75 8
38 76 7
38 77 14
39 78 9
39 79 13
40 80 11
40 81 16
41 82 10
41 83 15
42 84 12
42 85 8
43 86 7
43 87 14
44 88 9
44 89 13
45 90 11
45 91 16
46 92 10
46 93 15
47 94 12
47 95 8
48 96 7
48 97 14
49 98 9
49 99 13
50 100 11
50 1 16
51 2 10
51 3 15
52 4 12
52 5 8
53 6 7
53 7 14
54 8 9
54 9 13
55 10 11
55 11 16
56 12 10
56 13 15
57 14 12
57 15 8
58 16 7
58 17 14
59 18 9
59 19 13
60 20 11
60 21 16
61 22 10
61 23 15
62 24 12
62 25 8
63 26 7
63 27 14
64 28 9
64 29 13
65 30 11
65 31 16
66 32 10
66 33 15
67 34 12
67 35 8
68 36 7
68 37 14
69 38 9
69 39 13
70 40 11
70 41 16
71 42 10
71 43 15
72 44 12
72 45 8
73 46 7
73 47 14
74 48 9
74 49 13
75 50 11
75 51 16
76 52 10
76 53 15
77 54 12
77 55 8
78 56 7
78 57 14
79 58 9
79 59 13
80 60 11
80 61 16
81 62 10
81 63 15
82 64 12
82 65 8
83 66 7
83 67 14
84 68 9
84 69 13
85 70 11
85 71 16
86 72 10
86 73 15
87 74 12
87 75 8
88 76 7
88 77 14
89 78 9
89 79 13
90 80 11
90 81 16
91 82 10
91 83 15
92 84 12
92 85 8
93 86 7
93 87 14
94 88 9
94 89 13
95 90 11
95 91 16
96 92 10
96 93 15
97 94 12
97 95 8
98 96 7
98 97 14
99 98 9
99 99 13
100 100 11
100 1 16