20
80
1 2 10
2 1 10
1 3 15
3 1 15
2 4 12
4 2 12
2 5 8
5 2 8
3 6 7
6 3 7
3 7 14
7 3 14
4 8 9
8 4 9
4 9 13
9 4 13
5 10 11
10 5 11
5 11 16
11 5 16
6 12 10
12 6 10
6 13 15
13 6 15
7 14 12
14 7 12
7 15 8
15 7 8
8 16 7
16 8 7
8 17 14
17 8 14
9 18 9
18 9 9
9 19 13
19 9 13
10 20 11
20 10 11
10 1 16
1 10 16
11 2 10
2 11 10
11 3 15
3 11 15
12 4 12
4 12 12
12 5 8
5 12 8
13 6 7
6 13 7
13 7 14
7 13 14
14 8 9
8 14 9
14 9 13
9 14 13
15 10 11
10 15 11
15 11 16
11 15 16
16 12 10
12 16 10
16 13 15
13 16 15
17 14 12
14 17 12
17 15 8
15 17 8
18 16 7
16 18 7
18 17 14
17 18 14
19 18 9
18 19 9
19 19 13
19 19 13
20 20 11
20 20 11
20 1 16
1 20 16