200
400
1 2 10
1 3 15
2 4 12
2 5 8
3 6 7
3 7 14
4 8 9
4 9 13
5 10 11
5 11 16
6 12 10
6 13 15
7 14 12
7 15 8
8 16 7
8 17 14
9 18 9
9 19 13
10 20 11
10 21 16
11 22 10
11 23 15
12 24 12
12 25 8
13 26 7
13 27 14
14 28 9
14 29 13
15 30 11
15 31 16
16 32 10
16 33 15
17 34 12
17 35 8
18 36 7
18 37 14
19 38 9
19 39 13
20 40 11
20 41 16
21 42 10
21 43 15
22 44 12
22 45 8
23 46 7
23 47 14
24 48 9
24 49 13
25 50 11
25 51 16
26 52 10
26 53 15
27 54 12
27 55 8
28 56 7
28 57 14
29 58 9
29 59 13
30 60 11
30 61 16
31 62 10
31 63 15
32 64 12
32 65 8
33 66 7
33 67 14
34 68 9
34 69 13
35 70 11
35 71 16
36 72 10
36 73 15
37 74 12
37 75 8
38 76 7
38 77 14
39 78 9
39 79 13
40 80 11
40 81 16
41 82 10
41 83 15
42 84 12
42 85 8
43 86 7
43 87 14
44 88 9
44 89 13
45 90 11
45 91 16
46 92 10
46 93 15
47 94 12
47 95 8
48 96 7
48 97 14
49 98 9
49 99 13
50 100 11
50 101 16
51 102 10
51 103 15
52 104 12
52 105 8
53 106 7
53 107 14
54 108 9
54 109 13
55 110 11
55 111 16
56 112 10
56 113 15
57 114 12
57 115 8
58 116 7
58 117 14
59 118 9
59 119 13
60 120 11
60 121 16
61 122 10
61 123 15
62 124 12
62 125 8
63 126 7
63 127 14
64 128 9
64 129 13
65 130 11
65 131 16
66 132 10
66 133 15
67 134 12
67 135 8
68 136 7
68 137 14
69 138 9
69 139 13
70 140 11
70 141 16
71 142 10
71 143 15
72 144 12
72 145 8
73 146 7
73 147 14
74 148 9
74 149 13
75 150 11
75 151 16
76 152 10
76 153 15
77 154 12
77 155 8
78 156 7
78 157 14
79 158 9
79 159 13
80 160 11
80 161 16
81 162 10
81 163 15
82 164 12
82 165 8
83 166 7
83 167 14
84 168 9
84 169 13
85 170 11
85 171 16
86 172 10
86 173 15
87 174 12
87 175 8
88 176 7
88 177 14
89 178 9
89 179 13
90 180 11
90 181 16
91 182 10
91 183 15
92 184 12
92 185 8
93 186 7
93 187 14
94 188 9
94 189 13
95 190 11
95 191 16
96 192 10
96 193 15
97 194 12
97 195 8
98 196 7
98 197 14
99 198 9
99 199 13
100 200 11
100 1 16
101 102 10
101 103 15
102 104 12
102 105 8
103 106 7
103 107 14
104 108 9
104 109 13
105 110 11
105 111 16
106 112 10
106 113 15
107 114 12
107 115 8
108 116 7
108 117 14
109 118 9
109 119 13
110 120 11
110 121 16
111 122 10
111 123 15
112 124 12
112 125 8
113 126 7
113 127 14
114 128 9
114 129 13
115 130 11
115 131 16
116 132 10
116 133 15
117 134 12
117 135 8
118 136 7
118 137 14
119 138 9
119 139 13
120 140 11
120 141 16
121 142 10
121 143 15
122 144 12
122 145 8
123 146 7
123 147 14
124 148 9
124 149 13
125 150 11
125 151 16
126 152 10
126 153 15
127 154 12
127 155 8
128 156 7
128 157 14
129 158 9
129 159 13
130 160 11
130 161 16
131 162 10
131 163 15
132 164 12
132 165 8
133 166 7
133 167 14
134 168 9
134 169 13
135 170 11
135 171 16
136 172 10
136 173 15
137 174 12
137 175 8
138 176 7
138 177 14
139 178 9
139 179 13
140 180 11
140 181 16
141 182 10
141 183 15
142 184 12
142 185 8
143 186 7
143 187 14
144 188 9
144 189 13
145 190 11
145 191 16
146 192 10
146 193 15
147 194 12
147 195 8
148 196 7
148 197 14
149 198 9
149 199 13
150 200 11
150 1 16
151 2 10
151 3 15
152 4 12
152 5 8
153 6 7
153 7 14
154 8 9
154 9 13
155 10 11
155 11 16
156 12 10
156 13 15
157 14 12
157 15 8
158 16 7
158 17 14
159 18 9
159 19 13
160 20 11
160 21 16
161 22 10
161 23 15
162 24 12
162 25 8
163 26 7
163 27 14
164 28 9
164 29 13
165 30 11
165 31 16
166 32 10
166 33 15
167 34 12
167 35 8
168 36 7
168 37 14
169 38 9
169 39 13
170 40 11
170 41 16
171 42 10
171 43 15
172 44 12
172 45 8
173 46 7
173 47 14
174 48 9
174 49 13
175 50 11
175 51 16
176 52 10
176 53 15
177 54 12
177 55 8
178 56 7
178 57 14
179 58 9
179 59 13
180 60 11
180 61 16
181 62 10
181 63 15
182 64 12
182 65 8
183 66 7
183 67 14
184 68 9
184 69 13
185 70 11
185 71 16
186 72 10
186 73 15
187 74 12
187 75 8
188 76 7
188 77 14
189 78 9
189 79 13
190 80 11
190 81 16
191 82 10
191 83 15
192 84 12
192 85 8
193 86 7
193 87 14
194 88 9
194 89 13
195 90 11
195 91 16
196 92 10
196 93 15
197 94 12
197 95 8
198 96 7
198 97 14
199 98 9
199 99 13
200 100 11
200 101 16