200
800
1 2 10
2 1 10
1 3 15
3 1 15
2 4 12
4 2 12
2 5 8
5 2 8
3 6 7
6 3 7
3 7 14
7 3 14
4 8 9
8 4 9
4 9 13
9 4 13
5 10 11
10 5 11
5 11 16
11 5 16
6 12 10
12 6 10
6 13 15
13 6 15
7 14 12
14 7 12
7 15 8
15 7 8
8 16 7
16 8 7
8 17 14
17 8 14
9 18 9
18 9 9
9 19 13
19 9 13
10 20 11
20 10 11
10 21 16
21 10 16
11 22 10
22 11 10
11 23 15
23 11 15
12 24 12
24 12 12
12 25 8
25 12 8
13 26 7
26 13 7
13 27 14
27 13 14
14 28 9
28 14 9
14 29 13
29 14 13
15 30 11
30 15 11
15 31 16
31 15 16
16 32 10
32 16 10
16 33 15
33 16 15
17 34 12
34 17 12
17 35 8
35 17 8
18 36 7
36 18 7
18 37 14
37 18 14
19 38 9
38 19 9
19 39 13
39 19 13
20 40 11
40 20 11
20 41 16
41 20 16
21 42 10
42 21 10
21 43 15
43 21 15
22 44 12
44 22 12
22 45 8
45 22 8
23 46 7
46 23 7
23 47 14
47 23 14
24 48 9
48 24 9
24 49 13
49 24 13
25 50 11
50 25 11
25 51 16
51 25 16
26 52 10
52 26 10
26 53 15
53 26 15
27 54 12
54 27 12
27 55 8
55 27 8
28 56 7
56 28 7
28 57 14
57 28 14
29 58 9
58 29 9
29 59 13
59 29 13
30 60 11
60 30 11
30 61 16
61 30 16
31 62 10
62 31 10
31 63 15
63 31 15
32 64 12
64 32 12
32 65 8
65 32 8
33 66 7
66 33 7
33 67 14
67 33 14
34 68 9
68 34 9
34 69 13
69 34 13
35 70 11
70 35 11
35 71 16
71 35 16
36 72 10
72 36 10
36 73 15
73 36 15
37 74 12
74 37 12
37 75 8
75 37 8
38 76 7
76 38 7
38 77 14
77 38 14
39 78 9
78 39 9
39 79 13
79 39 13
40 80 11
80 40 11
40 81 16
81 40 16
41 82 10
82 41 10
41 83 15
83 41 15
42 84 12
84 42 12
42 85 8
85 42 8
43 86 7
86 43 7
43 87 14
87 43 14
44 88 9
88 44 9
44 89 13
89 44 13
45 90 11
90 45 11
45 91 16
91 45 16
46 92 10
92 46 10
46 93 15
93 46 15
47 94 12
94 47 12
47 95 8
95 47 8
48 96 7
96 48 7
48 97 14
97 48 14
49 98 9
98 49 9
49 99 13
99 49 13
50 100 11
100 50 11
50 101 16
101 50 16
51 102 10
102 51 10
51 103 15
103 51 15
52 104 12
104 52 12
52 105 8
105 52 8
53 106 7
106 53 7
53 107 14
107 53 14
54 108 9
108 54 9
54 109 13
109 54 13
55 110 11
110 55 11
55 111 16
111 55 16
56 112 10
112 56 10
56 113 15
113 56 15
57 114 12
114 57 12
57 115 8
115 57 8
58 116 7
116 58 7
58 117 14
117 58 14
59 118 9
118 59 9
59 119 13
119 59 13
60 120 11
120 60 11
60 121 16
121 60 16
61 122 10
122 61 10
61 123 15
123 61 15
62 124 12
124 62 12
62 125 8
125 62 8
63 126 7
126 63 7
63 127 14
127 63 14
64 128 9
128 64 9
64 129 13
129 64 13
65 130 11
130 65 11
65 131 16
131 65 16
66 132 10
132 66 10
66 133 15
133 66 15
67 134 12
134 67 12
67 135 8
135 67 8
68 136 7
136 68 7
68 137 14
137 68 14
69 138 9
138 69 9
69 139 13
139 69 13
70 140 11
140 70 11
70 141 16
141 70 16
71 142 10
142 71 10
71 143 15
143 71 15
72 144 12
144 72 12
72 145 8
145 72 8
73 146 7
146 73 7
73 147 14
147 73 14
74 148 9
148 74 9
74 149 13
149 74 13
75 150 11
150 75 11
75 151 16
151 75 16
76 152 10
152 76 10
76 153 15
153 76 15
77 154 12
154 77 12
77 155 8
155 77 8
78 156 7
156 78 7
78 157 14
157 78 14
79 158 9
158 79 9
79 159 13
159 79 13
80 160 11
160 80 11
80 161 16
161 80 16
81 162 10
162 81 10
81 163 15
163 81 15
82 164 12
164 82 12
82 165 8
165 82 8
83 166 7
166 83 7
83 167 14
167 83 14
84 168 9
168 84 9
84 169 13
169 84 13
85 170 11
170 85 11
85 171 16
171 85 16
86 172 10
172 86 10
86 173 15
173 86 15
87 174 12
174 87 12
87 175 8
175 87 8
88 176 7
176 88 7
88 177 14
177 88 14
89 178 9
178 89 9
89 179 13
179 89 13
90 180 11
180 90 11
90 181 16
181 90 16
91 182 10
182 91 10
91 183 15
183 91 15
92 184 12
184 92 12
92 185 8
185 92 8
93 186 7
186 93 7
93 187 14
187 93 14
94 188 9
188 94 9
94 189 13
189 94 13
95 190 11
190 95 11
95 191 16
191 95 16
96 192 10
192 96 10
96 193 15
193 96 15
97 194 12
194 97 12
97 195 8
195 97 8
98 196 7
196 98 7
98 197 14
197 98 14
99 198 9
198 99 9
99 199 13
199 99 13
100 200 11
200 100 11
100 101 16
101 100 16
101 102 10
102 101 10
101 103 15
103 101 15
102 104 12
104 102 12
102 105 8
105 102 8
103 106 7
106 103 7
103 107 14
107 103 14
104 108 9
108 104 9
104 109 13
109 104 13
105 110 11
110 105 11
105 111 16
111 105 16
106 112 10
112 106 10
106 113 15
113 106 15
107 114 12
114 107 12
107 115 8
115 107 8
108 116 7
116 108 7
108 117 14
117 108 14
109 118 9
118 109 9
109 119 13
119 109 13
110 120 11
120 110 11
110 121 16
121 110 16
111 122 10
122 111 10
111 123 15
123 111 15
112 124 12
124 112 12
112 125 8
125 112 8
113 126 7
126 113 7
113 127 14
127 113 14
114 128 9
128 114 9
114 129 13
129 114 13
115 130 11
130 115 11
115 131 16
131 115 16
116 132 10
132 116 10
116 133 15
133 116 15
117 134 12
134 117 12
117 135 8
135 117 8
118 136 7
136 118 7
118 137 14
137 118 14
119 138 9
138 119 9
119 139 13
139 119 13
120 140 11
140 120 11
120 141 16
141 120 16
121 142 10
142 121 10
121 143 15
143 121 15
122 144 12
144 122 12
122 145 8
145 122 8
123 146 7
146 123 7
123 147 14
147 123 14
124 148 9
148 124 9
124 149 13
149 124 13
125 150 11
150 125 11
125 151 16
151 125 16
126 152 10
152 126 10
126 153 15
153 126 15
127 154 12
154 127 12
127 155 8
155 127 8
128 156 7
156 128 7
128 157 14
157 128 14
129 158 9
158 129 9
129 159 13
159 129 13
130 160 11
160 130 11
130 161 16
161 130 16
131 162 10
162 131 10
131 163 15
163 131 15
132 164 12
164 132 12
132 165 8
165 132 8
133 166 7
166 133 7
133 167 14
167 133 14
134 168 9
168 134 9
134 169 13
169 134 13
135 170 11
170 135 11
135 171 16
171 135 16
136 172 10
172 136 10
136 173 15
173 136 15
137 174 12
174 137 12
137 175 8
175 137 8
138 176 7
176 138 7
138 177 14
177 138 14
139 178 9
178 139 9
139 179 13
179 139 13
140 180 11
180 140 11
140 181 16
181 140 16
141 182 10
182 141 10
141 183 15
183 141 15
142 184 12
184 142 12
142 185 8
185 142 8
143 186 7
186 143 7
143 187 14
187 143 14
144 188 9
188 144 9
144 189 13
189 144 13
145 190 11
190 145 11
145 191 16
191 145 16
146 192 10
192 146 10
146 193 15
193 146 15
147 194 12
194 147 12
147 195 8
195 147 8
148 196 7
196 148 7
148 197 14
197 148 14
149 198 9
198 149 9
149 199 13
199 149 13
150 200 11
200 150 11
150 1 16
1 150 16
151 2 10
2 151 10
151 3 15
3 151 15
152 4 12
4 152 12
152 5 8
5 152 8
153 6 7
6 153 7
153 7 14
7 153 14
154 8 9
8 154 9
154 9 13
9 154 13
155 10 11
10 155 11
155 11 16
11 155 16
156 12 10
12 156 10
156 13 15
13 156 15
157 14 12
14 157 12
157 15 8
15 157 8
158 16 7
16 158 7
158 17 14
17 158 14
159 18 9
18 159 9
159 19 13
19 159 13
160 20 11
20 160 11
160 21 16
21 160 16
161 22 10
22 161 10
161 23 15
23 161 15
162 24 12
24 162 12
162 25 8
25 162 8
163 26 7
26 163 7
163 27 14
27 163 14
164 28 9
28 164 9
164 29 13
29 164 13
165 30 11
30 165 11
165 31 16
31 165 16
166 32 10
32 166 10
166 33 15
33 166 15
167 34 12
34 167 12
167 35 8
35 167 8
168 36 7
36 168 7
168 37 14
37 168 14
169 38 9
38 169 9
169 39 13
39 169 13
170 40 11
40 170 11
170 41 16
41 170 16
171 42 10
42 171 10
171 43 15
43 171 15
172 44 12
44 172 12
172 45 8
45 172 8
173 46 7
46 173 7
173 47 14
47 173 14
174 48 9
48 174 9
174 49 13
49 174 13
175 50 11
50 175 11
175 51 16
51 175 16
176 52 10
52 176 10
176 53 15
53 176 15
177 54 12
54 177 12
177 55 8
55 177 8
178 56 7
56 178 7
178 57 14
57 178 14
179 58 9
58 179 9
179 59 13
59 179 13
180 60 11
60 180 11
180 61 16
61 180 16
181 62 10
62 181 10
181 63 15
63 181 15
182 64 12
64 182 12
182 65 8
65 182 8
183 66 7
66 183 7
183 67 14
67 183 14
184 68 9
68 184 9
184 69 13
69 184 13
185 70 11
70 185 11
185 71 16
71 185 16
186 72 10
72 186 10
186 73 15
73 186 15
187 74 12
74 187 12
187 75 8
75 187 8
188 76 7
76 188 7
188 77 14
77 188 14
189 78 9
78 189 9
189 79 13
79 189 13
190 80 11
80 190 11
190 81 16
81 190 16
191 82 10
82 191 10
191 83 15
83 191 15
192 84 12
84 192 12
192 85 8
85 192 8
193 86 7
86 193 7
193 87 14
87 193 14
194 88 9
88 194 9
194 89 13
89 194 13
195 90 11
90 195 11
195 91 16
91 195 16
196 92 10
92 196 10
196 93 15
93 196 15
197 94 12
94 197 12
197 95 8
95 197 8
198 96 7
96 198 7
198 97 14
97 198 14
199 98 9
98 199 9
199 99 13
99 199 13
200 100 11
100 200 11
200 101 16
101 200 16